=== REPORTE DETALLADO DE DIAGNÓSTICO (TRAIN / VAL / TEST) ===

=========================================
 SPLIT: TRAIN
=========================================
              precision    recall  f1-score   support

           0     0.9609    0.9838    0.9722    638000
           1     0.7081    0.5366    0.6105    288618
           2     0.4235    0.4095    0.4164    296528
           3     0.3221    0.5032    0.3927    284163
           4     0.3259    0.2723    0.2967    280118
           5     0.2274    0.2012    0.2135     66655
           6     0.2681    0.2598    0.2639     65501
           7     0.4074    0.2441    0.3053     65189
           8     0.3154    0.0291    0.0532     14968

    accuracy                         0.5851   1999740
   macro avg     0.4398    0.3822    0.3916   1999740
weighted avg     0.5950    0.5851    0.5835   1999740
--- MÉTRICAS CONSENSUS (Train) ---
macro_f1 = 0.3916
balanced_acc = 0.3822
pred_counts = [653258 218738 286775 443950 234110  58994  63476  39060   1379]

=========================================
 SPLIT: VAL
=========================================
              precision    recall  f1-score   support

           0     0.9296    0.7917    0.8551    171032
           1     0.3894    0.3970    0.3931     79992
           2     0.2958    0.3748    0.3307     69364
           3     0.3854    0.5395    0.4496     80091
           4     0.2979    0.2552    0.2749     61607
           5     0.2362    0.1686    0.1968     19102
           6     0.2659    0.2144    0.2374     17756
           7     0.3914    0.2032    0.2675     16456
           8     0.0000    0.0000    0.0000      1439

    accuracy                         0.5078    516839
   macro avg     0.3546    0.3272    0.3339    516839
weighted avg     0.5331    0.5078    0.5146    516839
--- MÉTRICAS CONSENSUS (Val) ---
macro_f1 = 0.3339
balanced_acc = 0.3272
pred_counts = [145668  81545  87897 112119  52782  13634  14319   8543    332]

=========================================
 SPLIT: TEST
=========================================
              precision    recall  f1-score   support

           0     0.0000    0.0000    0.0000    194778
           1     0.0789    0.0002    0.0004     93921
           2     0.0845    0.0100    0.0179     89235
           3     0.1030    0.4711    0.1691     87704
           4     0.1125    0.5202    0.1850     84037
           5     0.1766    0.0297    0.0508     85535
           6     0.1875    0.0112    0.0212     84314
           7     0.2595    0.0025    0.0049     85842
           8     0.0000    0.0000    0.0000     15516

    accuracy                         0.1092    820882
   macro avg     0.1114    0.1161    0.0499    820882
weighted avg     0.1055    0.1092    0.0470    820882
--- MÉTRICAS CONSENSUS (Test) ---
macro_f1 = 0.0499
balanced_acc = 0.1161
pred_counts = [     0    266  10578 401145 388643  14384   5041    817      8]

