=== REPORTE DETALLADO DE DIAGNÓSTICO (TRAIN / VAL / TEST) ===

=========================================
 SPLIT: TRAIN
=========================================
              precision    recall  f1-score   support

           0     0.9521    0.9453    0.9487    638000
           1     0.5874    0.6446    0.6146    288618
           2     0.4491    0.3109    0.3674    296528
           3     0.4175    0.1796    0.2511    284163
           4     0.4853    0.6231    0.5456    280118
           5     0.1924    0.4265    0.2652     66655
           6     0.2751    0.2818    0.2784     65501
           7     0.3301    0.3223    0.3261     65189
           8     0.1599    0.8958    0.2713     14968

    accuracy                         0.5942   1999740
   macro avg     0.4276    0.5144    0.4298   1999740
weighted avg     0.6098    0.5942    0.5886   1999740
--- MÉTRICAS CONSENSUS (Train) ---
macro_f1 = 0.4298
balanced_acc = 0.5144
pred_counts = [633420 316735 205283 122229 359680 147767  67101  63644  83881]

=========================================
 SPLIT: VAL
=========================================
              precision    recall  f1-score   support

           0     0.8663    0.6784    0.7609    171032
           1     0.2333    0.3197    0.2697     79992
           2     0.1465    0.1582    0.1522     69364
           3     0.1105    0.0497    0.0686     80091
           4     0.2879    0.4149    0.3399     61607
           5     0.1274    0.1434    0.1349     19102
           6     0.1251    0.1030    0.1129     17756
           7     0.2453    0.2734    0.2586     16456
           8     0.0011    0.0153    0.0021      1439

    accuracy                         0.3699    516839
   macro avg     0.2382    0.2395    0.2333    516839
weighted avg     0.4107    0.3699    0.3822    516839
--- MÉTRICAS CONSENSUS (Val) ---
macro_f1 = 0.2333
balanced_acc = 0.2395
pred_counts = [133942 109608  74903  35999  88774  21500  14616  18344  19153]

=========================================
 SPLIT: TEST
=========================================
              precision    recall  f1-score   support

           0     0.0000    0.0000    0.0000    194778
           1     0.0147    0.0000    0.0001     93921
           2     0.0301    0.0038    0.0068     89235
           3     0.1315    0.0491    0.0715     87704
           4     0.1027    0.9423    0.1853     84037
           5     0.6250    0.0001    0.0001     85535
           6     0.1304    0.0001    0.0001     84314
           7     0.2286    0.0102    0.0195     85842
           8     0.0601    0.0074    0.0132     15516

    accuracy                         0.1033    820882
   macro avg     0.1470    0.1125    0.0330    820882
weighted avg     0.1331    0.1033    0.0297    820882
--- MÉTRICAS CONSENSUS (Test) ---
macro_f1 = 0.0330
balanced_acc = 0.1125
pred_counts = [     6    204  11361  32722 770800      8     46   3823   1912]

