=== REPORTE DETALLADO DE DIAGNÓSTICO (TRAIN / VAL / TEST) ===

=========================================
 SPLIT: TRAIN
=========================================
              precision    recall  f1-score   support

           0     0.9765    0.9748    0.9757    638000
           1     0.7106    0.5635    0.6285    288618
           2     0.4247    0.4074    0.4159    296528
           3     0.3255    0.4866    0.3901    284163
           4     0.3607    0.2998    0.3274    280118
           5     0.2338    0.2270    0.2303     66655
           6     0.2691    0.3037    0.2854     65501
           7     0.4051    0.3214    0.3584     65189
           8     0.2950    0.0305    0.0552     14968

    accuracy                         0.5921   1999740
   macro avg     0.4445    0.4016    0.4074   1999740
weighted avg     0.6059    0.5921    0.5941   1999740
--- MÉTRICAS CONSENSUS (Train) ---
macro_f1 = 0.4074
balanced_acc = 0.4016
pred_counts = [636885 228861 284482 424737 232855  64711  73940  51723   1546]

=========================================
 SPLIT: VAL
=========================================
              precision    recall  f1-score   support

           0     0.9525    0.7240    0.8227    171032
           1     0.3506    0.4062    0.3763     79992
           2     0.2980    0.3889    0.3375     69364
           3     0.3875    0.5407    0.4515     80091
           4     0.3092    0.2580    0.2813     61607
           5     0.2352    0.1752    0.2008     19102
           6     0.2471    0.2224    0.2341     17756
           7     0.4326    0.2631    0.3272     16456
           8     0.0320    0.0056    0.0095      1439

    accuracy                         0.4917    516839
   macro avg     0.3605    0.3316    0.3379    516839
weighted avg     0.5374    0.4917    0.5052    516839
--- MÉTRICAS CONSENSUS (Val) ---
macro_f1 = 0.3379
balanced_acc = 0.3316
pred_counts = [130005  92684  90527 111751  51404  14232  15979  10007    250]

=========================================
 SPLIT: TEST
=========================================
              precision    recall  f1-score   support

           0     0.0000    0.0000    0.0000    194778
           1     0.0833    0.0000    0.0000     93921
           2     0.0947    0.0072    0.0133     89235
           3     0.0858    0.2642    0.1295     87704
           4     0.1131    0.6862    0.1942     84037
           5     0.1518    0.0479    0.0728     85535
           6     0.2007    0.0144    0.0268     84314
           7     0.2829    0.0036    0.0072     85842
           8     0.1667    0.0001    0.0001     15516

    accuracy                         0.1061    820882
   macro avg     0.1310    0.1137    0.0493    820882
weighted avg     0.1097    0.1061    0.0463    820882
--- MÉTRICAS CONSENSUS (Test) ---
macro_f1 = 0.0493
balanced_acc = 0.1137
pred_counts = [     1     12   6758 270180 509798  26981   6043   1103      6]

