=== REPORTE DETALLADO DE DIAGNÓSTICO (TRAIN / VAL / TEST) ===

=========================================
 SPLIT: TRAIN
=========================================
              precision    recall  f1-score   support

           0     0.9722    0.9910    0.9815    638000
           1     0.7284    0.6794    0.7031    288618
           2     0.4647    0.4823    0.4733    296528
           3     0.3671    0.4825    0.4170    284163
           4     0.4314    0.3443    0.3830    280118
           5     0.2579    0.2163    0.2353     66655
           6     0.2906    0.2969    0.2937     65501
           7     0.4444    0.3464    0.3893     65189
           8     0.4534    0.0516    0.0927     14968

    accuracy                         0.6312   1999740
   macro avg     0.4900    0.4323    0.4410   1999740
weighted avg     0.6328    0.6312    0.6285   1999740
--- MÉTRICAS CONSENSUS (Train) ---
macro_f1 = 0.4410
balanced_acc = 0.4323
pred_counts = [650348 269216 307728 373496 223595  55898  66938  50816   1705]

=========================================
 SPLIT: VAL
=========================================
              precision    recall  f1-score   support

           0     0.9252    0.7569    0.8326    171032
           1     0.3887    0.4681    0.4247     79992
           2     0.3162    0.4125    0.3580     69364
           3     0.3960    0.5155    0.4479     80091
           4     0.3497    0.2716    0.3057     61607
           5     0.2515    0.1766    0.2075     19102
           6     0.2784    0.2400    0.2578     17756
           7     0.4459    0.2462    0.3172     16456
           8     0.0000    0.0000    0.0000      1439

    accuracy                         0.5132    516839
   macro avg     0.3724    0.3430    0.3502    516839
weighted avg     0.5449    0.5132    0.5218    516839
--- MÉTRICAS CONSENSUS (Val) ---
macro_f1 = 0.3502
balanced_acc = 0.3430
pred_counts = [139920  96318  90495 104265  47839  13415  15308   9085    194]

=========================================
 SPLIT: TEST
=========================================
              precision    recall  f1-score   support

           0     0.0000    0.0000    0.0000    194778
           1     0.0000    0.0000    0.0000     93921
           2     0.2246    0.0003    0.0007     89235
           3     0.1255    0.0784    0.0965     87704
           4     0.0967    0.8292    0.1732     84037
           5     0.1589    0.0641    0.0914     85535
           6     0.1614    0.0185    0.0332     84314
           7     0.2522    0.0031    0.0061     85842
           8     0.0000    0.0000    0.0000     15516

    accuracy                         0.1022    820882
   macro avg     0.1133    0.1104    0.0446    820882
weighted avg     0.1072    0.1022    0.0417    820882
--- MÉTRICAS CONSENSUS (Test) ---
macro_f1 = 0.0446
balanced_acc = 0.1104
pred_counts = [     2      3    138  54797 720705  34514   9678   1043      2]

