=== REPORTE DETALLADO DE DIAGNÓSTICO (TRAIN / VAL / TEST) ===

=========================================
 SPLIT: TRAIN
=========================================
              precision    recall  f1-score   support

           0     0.9518    0.9392    0.9455    200144
           1     0.5830    0.6640    0.6209     84433
           2     0.3933    0.3348    0.3617     75478
           3     0.4827    0.1790    0.2611     91698
           4     0.5263    0.5536    0.5396     81256
           5     0.1725    0.4543    0.2501     22584
           6     0.2634    0.2853    0.2739     28252
           7     0.3626    0.4552    0.4036     22595
           8     0.2821    0.8108    0.4185      5676

    accuracy                         0.5945    612116
   macro avg     0.4464    0.5196    0.4528    612116
weighted avg     0.6168    0.5945    0.5908    612116
--- MÉTRICAS CONSENSUS (Train) ---
macro_f1 = 0.4528
balanced_acc = 0.5196
pred_counts = [197484  96153  64253  33997  85475  59472  30596  28370  16316]

=========================================
 SPLIT: VAL
=========================================
              precision    recall  f1-score   support

           0     0.8320    0.7304    0.7779     42123
           1     0.0862    0.0910    0.0885     30053
           2     0.1643    0.1304    0.1454     36702
           3     0.0715    0.0601    0.0653     17063
           4     0.3256    0.3645    0.3440     22897
           5     0.1544    0.2992    0.2037      5731
           6     0.0000    0.0000    0.0000         0
           7     0.4570    0.3709    0.4095      5732
           8     0.0000    0.0000    0.0000         0

    accuracy                         0.3213    160301
   macro avg     0.2323    0.2274    0.2260    160301
weighted avg     0.3484    0.3213    0.3323    160301
--- MÉTRICAS CONSENSUS (Val) ---
macro_f1 = 0.2260
balanced_acc = 0.2924
pred_counts = [36976 31740 29138 14358 25638 11111  6378  4652   310]

=========================================
 SPLIT: TEST
=========================================
              precision    recall  f1-score   support

           0     0.0000    0.0000    0.0000     58390
           1     0.0250    0.0000    0.0001     26794
           2     0.0495    0.0013    0.0025     25292
           3     0.1941    0.0043    0.0084     24726
           4     0.0999    0.9928    0.1816     23432
           5     0.0000    0.0000    0.0000     24107
           6     0.0000    0.0000    0.0000     23285
           7     0.3077    0.0003    0.0007     23287
           8     0.0000    0.0000    0.0000      4724

    accuracy                         0.1000    234037
   macro avg     0.0751    0.1110    0.0215    234037
weighted avg     0.0694    0.1000    0.0194    234037
--- MÉTRICAS CONSENSUS (Test) ---
macro_f1 = 0.0215
balanced_acc = 0.1110
pred_counts = [     0     40    666    546 232759      0      0     26      0]

