=== REPORTE DETALLADO DE DIAGNÓSTICO (TRAIN / VAL / TEST) ===

=========================================
 SPLIT: TRAIN
=========================================
              precision    recall  f1-score   support

           0     0.9712    0.9859    0.9785    638000
           1     0.7247    0.6761    0.6996    288618
           2     0.4668    0.4885    0.4774    296528
           3     0.3632    0.4759    0.4120    284163
           4     0.4200    0.3314    0.3705    280118
           5     0.2584    0.2295    0.2431     66655
           6     0.2984    0.3163    0.3071     65501
           7     0.4434    0.3301    0.3784     65189
           8     0.5112    0.0670    0.1185     14968

    accuracy                         0.6279   1999740
   macro avg     0.4953    0.4334    0.4428   1999740
weighted avg     0.6308    0.6279    0.6258   1999740
--- MÉTRICAS CONSENSUS (Train) ---
macro_f1 = 0.4428
balanced_acc = 0.4334
pred_counts = [647671 269266 310319 372306 221041  59205  69433  48537   1962]

=========================================
 SPLIT: VAL
=========================================
              precision    recall  f1-score   support

           0     0.9262    0.7146    0.8068    171032
           1     0.3603    0.4699    0.4079     79992
           2     0.3045    0.4104    0.3496     69364
           3     0.4019    0.5096    0.4493     80091
           4     0.3303    0.2522    0.2860     61607
           5     0.2386    0.1732    0.2007     19102
           6     0.2562    0.2282    0.2414     17756
           7     0.4445    0.2324    0.3052     16456
           8     0.0391    0.0049    0.0087      1439

    accuracy                         0.4950    516839
   macro avg     0.3668    0.3328    0.3395    516839
weighted avg     0.5367    0.4950    0.5062    516839
--- MÉTRICAS CONSENSUS (Val) ---
macro_f1 = 0.3395
balanced_acc = 0.3328
pred_counts = [131965 104331  93481 101560  47038  13868  15815   8602    179]

=========================================
 SPLIT: TEST
=========================================
              precision    recall  f1-score   support

           0     0.0000    0.0000    0.0000    194778
           1     0.0000    0.0000    0.0000     93921
           2     0.1089    0.0004    0.0009     89235
           3     0.1113    0.1053    0.1082     87704
           4     0.1013    0.8352    0.1807     84037
           5     0.1155    0.0507    0.0704     85535
           6     0.1643    0.0132    0.0244     84314
           7     0.2251    0.0016    0.0032     85842
           8     0.0000    0.0000    0.0000     15516

    accuracy                         0.1036    820882
   macro avg     0.0918    0.1118    0.0431    820882
weighted avg     0.0866    0.1036    0.0403    820882
--- MÉTRICAS CONSENSUS (Test) ---
macro_f1 = 0.0431
balanced_acc = 0.1118
pred_counts = [     0      1    358  82983 692630  37517   6767    622      4]

