=== REPORTE DETALLADO DE DIAGNÓSTICO (TRAIN / VAL / TEST) ===

=========================================
 SPLIT: TRAIN
=========================================
              precision    recall  f1-score   support

           0     0.9495    0.9480    0.9488    638000
           1     0.5838    0.6459    0.6133    288618
           2     0.4467    0.3081    0.3647    296528
           3     0.4206    0.1693    0.2415    284163
           4     0.4850    0.6254    0.5463    280118
           5     0.1912    0.4147    0.2617     66655
           6     0.2727    0.2722    0.2724     65501
           7     0.3161    0.3369    0.3262     65189
           8     0.1590    0.8912    0.2698     14968

    accuracy                         0.5934   1999740
   macro avg     0.4250    0.5124    0.4272   1999740
weighted avg     0.6079    0.5934    0.5864   1999740
--- MÉTRICAS CONSENSUS (Train) ---
macro_f1 = 0.4272
balanced_acc = 0.5124
pred_counts = [636997 319297 204526 114414 361176 144563  65379  69476  83912]

=========================================
 SPLIT: VAL
=========================================
              precision    recall  f1-score   support

           0     0.8671    0.6909    0.7690    171032
           1     0.2373    0.3228    0.2735     79992
           2     0.1436    0.1537    0.1485     69364
           3     0.1042    0.0440    0.0619     80091
           4     0.2891    0.4165    0.3413     61607
           5     0.1228    0.1375    0.1297     19102
           6     0.1354    0.1095    0.1211     17756
           7     0.2338    0.2877    0.2580     16456
           8     0.0014    0.0181    0.0026      1439

    accuracy                         0.3737    516839
   macro avg     0.2372    0.2423    0.2339    516839
weighted avg     0.4102    0.3737    0.3842    516839
--- MÉTRICAS CONSENSUS (Val) ---
macro_f1 = 0.2339
balanced_acc = 0.2423
pred_counts = [136277 108833  74234  33812  88755  21378  14369  20251  18930]

=========================================
 SPLIT: TEST
=========================================
              precision    recall  f1-score   support

           0     0.0000    0.0000    0.0000    194778
           1     0.0958    0.0002    0.0003     93921
           2     0.0426    0.0044    0.0079     89235
           3     0.1249    0.0554    0.0768     87704
           4     0.1027    0.9379    0.1852     84037
           5     0.5455    0.0001    0.0001     85535
           6     0.1639    0.0001    0.0002     84314
           7     0.2335    0.0101    0.0193     85842
           8     0.0585    0.0063    0.0114     15516

    accuracy                         0.1036    820882
   macro avg     0.1519    0.1127    0.0335    820882
weighted avg     0.1386    0.1036    0.0303    820882
--- MÉTRICAS CONSENSUS (Test) ---
macro_f1 = 0.0335
balanced_acc = 0.1127
pred_counts = [     6    167   9135  38933 767197     11     61   3696   1676]

