=== REPORTE DETALLADO DE DIAGNÓSTICO (TRAIN / VAL / TEST) ===

=========================================
 SPLIT: TRAIN
=========================================
              precision    recall  f1-score   support

           0     0.9895    0.9866    0.9881    638000
           1     0.7794    0.6541    0.7113    288618
           2     0.4829    0.4677    0.4752    296528
           3     0.3635    0.4964    0.4197    284163
           4     0.4337    0.4111    0.4221    280118
           5     0.2536    0.2456    0.2495     66655
           6     0.2882    0.3077    0.2976     65501
           7     0.4497    0.3045    0.3631     65189
           8     0.4121    0.0553    0.0974     14968

    accuracy                         0.6352   1999740
   macro avg     0.4947    0.4365    0.4471   1999740
weighted avg     0.6478    0.6352    0.6377   1999740
--- MÉTRICAS CONSENSUS (Train) ---
macro_f1 = 0.4471
balanced_acc = 0.4365
pred_counts = [636146 242205 287164 388093 265492  64557  69940  44136   2007]

=========================================
 SPLIT: VAL
=========================================
              precision    recall  f1-score   support

           0     0.9648    0.6925    0.8063    171032
           1     0.3469    0.4310    0.3844     79992
           2     0.3073    0.4240    0.3563     69364
           3     0.3969    0.5207    0.4505     80091
           4     0.3507    0.2950    0.3204     61607
           5     0.2570    0.2031    0.2269     19102
           6     0.2886    0.2719    0.2800     17756
           7     0.3951    0.2395    0.2982     16456
           8     0.0190    0.0042    0.0068      1439

    accuracy                         0.4931    516839
   macro avg     0.3696    0.3424    0.3478    516839
weighted avg     0.5496    0.4931    0.5096    516839
--- MÉTRICAS CONSENSUS (Val) ---
macro_f1 = 0.3478
balanced_acc = 0.3424
pred_counts = [122751  99395  95706 105060  51818  15091  16728   9975    315]

=========================================
 SPLIT: TEST
=========================================
              precision    recall  f1-score   support

           0     0.0000    0.0000    0.0000    194778
           1     0.0000    0.0000    0.0000     93921
           2     0.0680    0.0047    0.0088     89235
           3     0.0942    0.3313    0.1467     87704
           4     0.1122    0.6607    0.1918     84037
           5     0.1602    0.0170    0.0308     85535
           6     0.1989    0.0045    0.0089     84314
           7     0.2387    0.0004    0.0009     85842
           8     0.0000    0.0000    0.0000     15516

    accuracy                         0.1058    820882
   macro avg     0.0969    0.1132    0.0431    820882
weighted avg     0.0910    0.1058    0.0405    820882
--- MÉTRICAS CONSENSUS (Test) ---
macro_f1 = 0.0431
balanced_acc = 0.1132
pred_counts = [     0      0   6151 308533 495022   9099   1921    155      1]

