=== REPORTE DETALLADO DE DIAGNÓSTICO (TRAIN / VAL / TEST) ===

=========================================
 SPLIT: TRAIN
=========================================
              precision    recall  f1-score   support

           0     0.9524    0.9407    0.9465    200144
           1     0.5880    0.6608    0.6223     84433
           2     0.3965    0.3346    0.3629     75478
           3     0.4821    0.1824    0.2647     91698
           4     0.5231    0.5602    0.5410     81256
           5     0.1742    0.4615    0.2529     22584
           6     0.2659    0.2842    0.2747     28252
           7     0.3644    0.4523    0.4036     22595
           8     0.2839    0.8037    0.4196      5676

    accuracy                         0.5960    612116
   macro avg     0.4478    0.5200    0.4543    612116
weighted avg     0.6179    0.5960    0.5923    612116
--- MÉTRICAS CONSENSUS (Train) ---
macro_f1 = 0.4543
balanced_acc = 0.5200
pred_counts = [197676  94887  63683  34694  87025  59838  30198  28046  16069]

=========================================
 SPLIT: VAL
=========================================
              precision    recall  f1-score   support

           0     0.8314    0.7337    0.7795     42123
           1     0.0855    0.0890    0.0872     30053
           2     0.1633    0.1288    0.1440     36702
           3     0.0681    0.0581    0.0627     17063
           4     0.3248    0.3700    0.3459     22897
           5     0.1573    0.3057    0.2078      5731
           6     0.0000    0.0000    0.0000         0
           7     0.4590    0.3676    0.4083      5732
           8     0.0000    0.0000    0.0000         0

    accuracy                         0.3221    160301
   macro avg     0.2322    0.2281    0.2262    160301
weighted avg     0.3476    0.3221    0.3323    160301
--- MÉTRICAS CONSENSUS (Val) ---
macro_f1 = 0.2262
balanced_acc = 0.2933
pred_counts = [37173 31270 28935 14543 26083 11135  6273  4590   299]

=========================================
 SPLIT: TEST
=========================================
              precision    recall  f1-score   support

           0     0.0000    0.0000    0.0000     58390
           1     0.0000    0.0000    0.0000     26794
           2     0.0576    0.0016    0.0032     25292
           3     0.1968    0.0039    0.0077     24726
           4     0.0999    0.9927    0.1816     23432
           5     0.0000    0.0000    0.0000     24107
           6     0.0000    0.0000    0.0000     23285
           7     0.3103    0.0004    0.0008     23287
           8     0.0000    0.0000    0.0000      4724

    accuracy                         0.1000    234037
   macro avg     0.0738    0.1110    0.0215    234037
weighted avg     0.0679    0.1000    0.0194    234037
--- MÉTRICAS CONSENSUS (Test) ---
macro_f1 = 0.0215
balanced_acc = 0.1110
pred_counts = [     0     45    712    493 232758      0      0     29      0]

