=== REPORTE DETALLADO DE DIAGNÓSTICO (TRAIN / VAL / TEST) ===

=========================================
 SPLIT: TRAIN
=========================================
              precision    recall  f1-score   support

           0     0.9741    0.9876    0.9808    638000
           1     0.7422    0.5861    0.6550    288618
           2     0.4459    0.4316    0.4387    296528
           3     0.3375    0.4976    0.4022    284163
           4     0.3651    0.3219    0.3421    280118
           5     0.2357    0.2274    0.2314     66655
           6     0.2863    0.3101    0.2977     65501
           7     0.4279    0.2371    0.3051     65189
           8     0.3258    0.0154    0.0295     14968

    accuracy                         0.6050   1999740
   macro avg     0.4600    0.4016    0.4092   1999740
weighted avg     0.6167    0.6050    0.6052   1999740
--- MÉTRICAS CONSENSUS (Train) ---
macro_f1 = 0.4092
balanced_acc = 0.4016
pred_counts = [646836 227927 287017 418937 246950  64310  70937  36117    709]

=========================================
 SPLIT: VAL
=========================================
              precision    recall  f1-score   support

           0     0.9431    0.7800    0.8538    171032
           1     0.4076    0.4410    0.4236     79992
           2     0.3028    0.3865    0.3396     69364
           3     0.3926    0.5275    0.4502     80091
           4     0.3230    0.2835    0.3020     61607
           5     0.2434    0.1885    0.2125     19102
           6     0.2517    0.2240    0.2371     17756
           7     0.4074    0.1945    0.2633     16456
           8     0.0053    0.0007    0.0012      1439

    accuracy                         0.5146    516839
   macro avg     0.3641    0.3362    0.3426    516839
weighted avg     0.5458    0.5146    0.5238    516839
--- MÉTRICAS CONSENSUS (Val) ---
macro_f1 = 0.3426
balanced_acc = 0.3362
pred_counts = [141447  86554  88526 107627  54057  14788  15798   7854    188]

=========================================
 SPLIT: TEST
=========================================
              precision    recall  f1-score   support

           0     0.0000    0.0000    0.0000    194778
           1     0.1000    0.0000    0.0000     93921
           2     0.0611    0.0039    0.0073     89235
           3     0.0823    0.2072    0.1178     87704
           4     0.1126    0.7742    0.1966     84037
           5     0.1855    0.0267    0.0466     85535
           6     0.2116    0.0096    0.0183     84314
           7     0.2831    0.0018    0.0036     85842
           8     0.0000    0.0000    0.0000     15516

    accuracy                         0.1058    820882
   macro avg     0.1151    0.1137    0.0434    820882
weighted avg     0.1091    0.1058    0.0406    820882
--- MÉTRICAS CONSENSUS (Test) ---
macro_f1 = 0.0434
balanced_acc = 0.1137
pred_counts = [     0     10   5675 220753 577783  12301   3814    544      2]

