=== REPORTE DETALLADO DE DIAGNÓSTICO (TRAIN / VAL / TEST) ===

=========================================
 SPLIT: TRAIN
=========================================
              precision    recall  f1-score   support

           0     0.9703    0.9904    0.9802    638000
           1     0.7227    0.5882    0.6486    288618
           2     0.4256    0.4217    0.4236    296528
           3     0.3298    0.4841    0.3923    284163
           4     0.3482    0.2828    0.3121    280118
           5     0.2345    0.2203    0.2271     66655
           6     0.2720    0.2856    0.2786     65501
           7     0.4159    0.2694    0.3270     65189
           8     0.3002    0.0325    0.0587     14968

    accuracy                         0.5975   1999740
   macro avg     0.4466    0.3972    0.4054   1999740
weighted avg     0.6052    0.5975    0.5964   1999740
--- MÉTRICAS CONSENSUS (Train) ---
macro_f1 = 0.4054
balanced_acc = 0.3972
pred_counts = [651207 234906 293766 417106 227508  62621  68781  42223   1622]

=========================================
 SPLIT: VAL
=========================================
              precision    recall  f1-score   support

           0     0.9355    0.7916    0.8576    171032
           1     0.3872    0.4040    0.3954     79992
           2     0.2896    0.3905    0.3326     69364
           3     0.3789    0.5110    0.4351     80091
           4     0.3085    0.2457    0.2735     61607
           5     0.2330    0.1690    0.1959     19102
           6     0.2584    0.2168    0.2358     17756
           7     0.3896    0.2103    0.2731     16456
           8     0.0053    0.0014    0.0022      1439

    accuracy                         0.5058    516839
   macro avg     0.3540    0.3267    0.3335    516839
weighted avg     0.5338    0.5058    0.5137    516839
--- MÉTRICAS CONSENSUS (Val) ---
macro_f1 = 0.3335
balanced_acc = 0.3267
pred_counts = [144722  83447  93544 108035  49072  13855  14902   8882    380]

=========================================
 SPLIT: TEST
=========================================
              precision    recall  f1-score   support

           0     0.0000    0.0000    0.0000    194778
           1     0.0973    0.0002    0.0004     93921
           2     0.0807    0.0177    0.0290     89235
           3     0.1069    0.5531    0.1791     87704
           4     0.1121    0.4286    0.1777     84037
           5     0.1869    0.0405    0.0666     85535
           6     0.2330    0.0177    0.0330     84314
           7     0.3131    0.0035    0.0070     85842
           8     0.0000    0.0000    0.0000     15516

    accuracy                         0.1113    820882
   macro avg     0.1255    0.1179    0.0548    820882
weighted avg     0.1189    0.1113    0.0516    820882
--- MÉTRICAS CONSENSUS (Test) ---
macro_f1 = 0.0548
balanced_acc = 0.1179
pred_counts = [    65    185  19549 453882 321254  18553   6417    971      6]

