=== REPORTE DETALLADO DE DIAGNÓSTICO (TRAIN / VAL / TEST) ===

=========================================
 SPLIT: TRAIN
=========================================
              precision    recall  f1-score   support

           0     0.9764    0.9952    0.9857    638000
           1     0.7340    0.6760    0.7038    288618
           2     0.4585    0.4682    0.4633    296528
           3     0.3555    0.5041    0.4170    284163
           4     0.3855    0.3145    0.3464    280118
           5     0.2350    0.1976    0.2147     66655
           6     0.2886    0.2602    0.2737     65501
           7     0.4479    0.2287    0.3028     65189
           8     0.3775    0.0242    0.0455     14968

    accuracy                         0.6229   1999740
   macro avg     0.4732    0.4076    0.4170   1999740
weighted avg     0.6247    0.6229    0.6189   1999740
--- MÉTRICAS CONSENSUS (Train) ---
macro_f1 = 0.4170
balanced_acc = 0.4076
pred_counts = [650312 265805 302814 402947 228494  56063  59061  33285    959]

=========================================
 SPLIT: VAL
=========================================
              precision    recall  f1-score   support

           0     0.9374    0.7272    0.8191    171032
           1     0.3801    0.4847    0.4261     79992
           2     0.3167    0.4255    0.3632     69364
           3     0.3949    0.5235    0.4502     80091
           4     0.3279    0.2570    0.2881     61607
           5     0.2424    0.1713    0.2008     19102
           6     0.2650    0.2002    0.2281     17756
           7     0.3845    0.1711    0.2368     16456
           8     0.0430    0.0076    0.0130      1439

    accuracy                         0.5032    516839
   macro avg     0.3658    0.3298    0.3361    516839
weighted avg     0.5422    0.5032    0.5127    516839
--- MÉTRICAS CONSENSUS (Val) ---
macro_f1 = 0.3361
balanced_acc = 0.3298
pred_counts = [132690 102016  93193 106164  48282  13500  13415   7323    256]

=========================================
 SPLIT: TEST
=========================================
              precision    recall  f1-score   support

           0     0.0000    0.0000    0.0000    194778
           1     0.2564    0.0001    0.0002     93921
           2     0.0806    0.0049    0.0092     89235
           3     0.0913    0.3030    0.1403     87704
           4     0.1134    0.6727    0.1941     84037
           5     0.1746    0.0367    0.0606     85535
           6     0.1915    0.0156    0.0288     84314
           7     0.2164    0.0029    0.0057     85842
           8     0.0000    0.0000    0.0000     15516

    accuracy                         0.1075    820882
   macro avg     0.1249    0.1151    0.0488    820882
weighted avg     0.1200    0.1075    0.0458    820882
--- MÉTRICAS CONSENSUS (Test) ---
macro_f1 = 0.0488
balanced_acc = 0.1151
pred_counts = [     2     39   5422 291081 498365  17972   6851   1146      4]

