=== REPORTE DETALLADO DE DIAGNÓSTICO (TRAIN / VAL / TEST) ===

=========================================
 SPLIT: TRAIN
=========================================
              precision    recall  f1-score   support

           0     0.9569    0.9912    0.9737    638000
           1     0.7498    0.4951    0.5964    288618
           2     0.4302    0.4114    0.4206    296528
           3     0.3318    0.5012    0.3992    284163
           4     0.3704    0.3387    0.3538    280118
           5     0.2354    0.2257    0.2304     66655
           6     0.2689    0.2829    0.2757     65501
           7     0.4310    0.2975    0.3520     65189
           8     0.2946    0.0289    0.0527     14968

    accuracy                         0.5941   1999740
   macro avg     0.4521    0.3970    0.4061   1999740
weighted avg     0.6092    0.5941    0.5940   1999740
--- MÉTRICAS CONSENSUS (Train) ---
macro_f1 = 0.4061
balanced_acc = 0.3970
pred_counts = [660894 190574 283594 429261 256136  63894  68917  45000   1470]

=========================================
 SPLIT: VAL
=========================================
              precision    recall  f1-score   support

           0     0.9229    0.7891    0.8508    171032
           1     0.3782    0.3529    0.3651     79992
           2     0.3041    0.3758    0.3361     69364
           3     0.3889    0.5674    0.4615     80091
           4     0.3467    0.2904    0.3161     61607
           5     0.2486    0.1912    0.2161     19102
           6     0.2837    0.2617    0.2723     17756
           7     0.3772    0.2397    0.2932     16456
           8     0.0088    0.0014    0.0024      1439

    accuracy                         0.5124    516839
   macro avg     0.3621    0.3411    0.3460    516839
weighted avg     0.5373    0.5124    0.5190    516839
--- MÉTRICAS CONSENSUS (Val) ---
macro_f1 = 0.3460
balanced_acc = 0.3411
pred_counts = [146246  74653  85724 116863  51597  14692  16379  10458    227]

=========================================
 SPLIT: TEST
=========================================
              precision    recall  f1-score   support

           0     0.0000    0.0000    0.0000    194778
           1     0.0000    0.0000    0.0000     93921
           2     0.2537    0.0031    0.0061     89235
           3     0.0774    0.1877    0.1096     87704
           4     0.1119    0.7668    0.1953     84037
           5     0.1580    0.0437    0.0685     85535
           6     0.1805    0.0144    0.0266     84314
           7     0.2167    0.0025    0.0049     85842
           8     0.0000    0.0000    0.0000     15516

    accuracy                         0.1052    820882
   macro avg     0.1109    0.1131    0.0457    820882
weighted avg     0.1050    0.1052    0.0428    820882
--- MÉTRICAS CONSENSUS (Test) ---
macro_f1 = 0.0457
balanced_acc = 0.1131
pred_counts = [     0      4   1080 212666 575767  23668   6711    983      3]

