=== REPORTE DETALLADO DE DIAGNÓSTICO (TRAIN / VAL / TEST) ===

=========================================
 SPLIT: TRAIN
=========================================
              precision    recall  f1-score   support

           0     0.9683    0.9895    0.9788    638000
           1     0.6406    0.7525    0.6921    288618
           2     0.5200    0.3401    0.4113    296528
           3     0.4564    0.3248    0.3795    284163
           4     0.6116    0.5491    0.5787    280118
           5     0.1923    0.4819    0.2749     66655
           6     0.2768    0.4332    0.3378     65501
           7     0.4447    0.2344    0.3070     65189
           8     0.2263    0.8643    0.3587     14968

    accuracy                         0.6422   1999740
   macro avg     0.4819    0.5522    0.4799   1999740
weighted avg     0.6607    0.6422    0.6411   1999740
--- MÉTRICAS CONSENSUS (Train) ---
macro_f1 = 0.4799
balanced_acc = 0.5522
pred_counts = [651988 339011 193950 202206 251501 167040 102503  34367  57174]

=========================================
 SPLIT: VAL
=========================================
              precision    recall  f1-score   support

           0     0.8996    0.6605    0.7617    171032
           1     0.2680    0.4055    0.3227     79992
           2     0.1589    0.1711    0.1648     69364
           3     0.2197    0.1796    0.1977     80091
           4     0.2943    0.2797    0.2868     61607
           5     0.1271    0.1748    0.1472     19102
           6     0.0852    0.1013    0.0926     17756
           7     0.2327    0.1729    0.1984     16456
           8     0.0010    0.0083    0.0018      1439

    accuracy                         0.3809    516839
   macro avg     0.2541    0.2393    0.2415    516839
weighted avg     0.4447    0.3809    0.4039    516839
--- MÉTRICAS CONSENSUS (Val) ---
macro_f1 = 0.2415
balanced_acc = 0.2393
pred_counts = [125568 121010  74719  65461  58569  26261  21091  12229  11931]

=========================================
 SPLIT: TEST
=========================================
              precision    recall  f1-score   support

           0     0.0000    0.0000    0.0000    194778
           1     0.1368    0.0010    0.0021     93921
           2     0.1584    0.0097    0.0183     89235
           3     0.1176    0.1319    0.1243     87704
           4     0.1020    0.8602    0.1823     84037
           5     0.2360    0.0002    0.0005     85535
           6     0.1779    0.0023    0.0046     84314
           7     0.2244    0.0105    0.0200     85842
           8     0.0455    0.0067    0.0117     15516

    accuracy                         0.1048    820882
   macro avg     0.1332    0.1136    0.0404    820882
weighted avg     0.1231    0.1048    0.0370    820882
--- MÉTRICAS CONSENSUS (Test) ---
macro_f1 = 0.0404
balanced_acc = 0.1136
pred_counts = [     1    709   5472  98344 708864     89   1113   4006   2284]

