=== REPORTE DETALLADO DE DIAGNÓSTICO (TRAIN / VAL / TEST) ===

=========================================
 SPLIT: TRAIN
=========================================
              precision    recall  f1-score   support

           0     0.9585    0.9898    0.9739    638000
           1     0.7447    0.5107    0.6059    288618
           2     0.4299    0.4257    0.4278    296528
           3     0.3321    0.5008    0.3994    284163
           4     0.3573    0.3094    0.3316    280118
           5     0.2349    0.2244    0.2295     66655
           6     0.2687    0.2819    0.2751     65501
           7     0.4349    0.2972    0.3531     65189
           8     0.2695    0.0245    0.0449     14968

    accuracy                         0.5937   1999740
   macro avg     0.4478    0.3961    0.4046   1999740
weighted avg     0.6071    0.5937    0.5933   1999740
--- MÉTRICAS CONSENSUS (Train) ---
macro_f1 = 0.4046
balanced_acc = 0.3961
pred_counts = [658838 197928 293678 428495 242521  63666  68702  44550   1362]

=========================================
 SPLIT: VAL
=========================================
              precision    recall  f1-score   support

           0     0.9187    0.7610    0.8324    171032
           1     0.3535    0.3541    0.3538     79992
           2     0.3030    0.3920    0.3418     69364
           3     0.3850    0.5523    0.4538     80091
           4     0.3486    0.2752    0.3076     61607
           5     0.2484    0.1916    0.2163     19102
           6     0.2857    0.2645    0.2747     17756
           7     0.3753    0.2363    0.2900     16456
           8     0.0097    0.0014    0.0024      1439

    accuracy                         0.5013    516839
   macro avg     0.3586    0.3365    0.3414    516839
weighted avg     0.5316    0.5013    0.5098    516839
--- MÉTRICAS CONSENSUS (Val) ---
macro_f1 = 0.3414
balanced_acc = 0.3365
pred_counts = [141664  80135  89757 114897  48644  14735  16438  10362    207]

=========================================
 SPLIT: TEST
=========================================
              precision    recall  f1-score   support

           0     0.0000    0.0000    0.0000    194778
           1     0.0000    0.0000    0.0000     93921
           2     0.2690    0.0034    0.0067     89235
           3     0.0792    0.2061    0.1145     87704
           4     0.1124    0.7503    0.1955     84037
           5     0.1542    0.0432    0.0675     85535
           6     0.1839    0.0128    0.0239     84314
           7     0.2325    0.0019    0.0038     85842
           8     0.0000    0.0000    0.0000     15516

    accuracy                         0.1052    820882
   macro avg     0.1146    0.1131    0.0458    820882
weighted avg     0.1085    0.1052    0.0429    820882
--- MÉTRICAS CONSENSUS (Test) ---
macro_f1 = 0.0458
balanced_acc = 0.1131
pred_counts = [     0      5   1119 228144 561059  23984   5868    701      2]

