=== REPORTE DETALLADO DE DIAGNÓSTICO (TRAIN / VAL / TEST) ===

=========================================
 SPLIT: TRAIN
=========================================
              precision    recall  f1-score   support

           0     0.9507    0.9827    0.9664    638000
           1     0.6768    0.5133    0.5838    288618
           2     0.4033    0.3930    0.3981    296528
           3     0.3141    0.4959    0.3846    284163
           4     0.2924    0.2343    0.2601    280118
           5     0.2260    0.2145    0.2201     66655
           6     0.2644    0.2488    0.2564     65501
           7     0.4117    0.2106    0.2787     65189
           8     0.2741    0.0186    0.0349     14968

    accuracy                         0.5715   1999740
   macro avg     0.4237    0.3680    0.3759   1999740
weighted avg     0.5780    0.5715    0.5678   1999740
--- MÉTRICAS CONSENSUS (Train) ---
macro_f1 = 0.3759
balanced_acc = 0.3680
pred_counts = [659514 218877 288965 448618 224511  63245  61636  33356   1018]

=========================================
 SPLIT: VAL
=========================================
              precision    recall  f1-score   support

           0     0.9130    0.7769    0.8395    171032
           1     0.3702    0.3986    0.3838     79992
           2     0.2892    0.3685    0.3241     69364
           3     0.3766    0.5346    0.4419     80091
           4     0.2892    0.2360    0.2599     61607
           5     0.2172    0.1541    0.1803     19102
           6     0.2698    0.1890    0.2223     17756
           7     0.4135    0.1661    0.2370     16456
           8     0.0044    0.0007    0.0012      1439

    accuracy                         0.4967    516839
   macro avg     0.3493    0.3138    0.3211    516839
weighted avg     0.5216    0.4967    0.5020    516839
--- MÉTRICAS CONSENSUS (Val) ---
macro_f1 = 0.3211
balanced_acc = 0.3138
pred_counts = [145542  86120  88370 113715  50272  13547  12438   6609    226]

=========================================
 SPLIT: TEST
=========================================
              precision    recall  f1-score   support

           0     0.0000    0.0000    0.0000    194778
           1     0.2579    0.0013    0.0026     93921
           2     0.0752    0.0329    0.0458     89235
           3     0.1064    0.6591    0.1832     87704
           4     0.1181    0.3026    0.1699     84037
           5     0.1772    0.0320    0.0542     85535
           6     0.1949    0.0137    0.0255     84314
           7     0.2841    0.0038    0.0075     85842
           8     0.0000    0.0000    0.0000     15516

    accuracy                         0.1103    820882
   macro avg     0.1349    0.1162    0.0543    820882
weighted avg     0.1293    0.1103    0.0513    820882
--- MÉTRICAS CONSENSUS (Test) ---
macro_f1 = 0.0543
balanced_acc = 0.1162
pred_counts = [    14    473  39067 543468 215364  15428   5906   1151     11]

