=== REPORTE DETALLADO DE DIAGNÓSTICO (TRAIN / VAL / TEST) ===

=========================================
 SPLIT: TRAIN
=========================================
              precision    recall  f1-score   support

           0     0.9546    0.9446    0.9496    200144
           1     0.5956    0.6646    0.6282     84433
           2     0.4008    0.3389    0.3673     75478
           3     0.4845    0.1814    0.2640     91698
           4     0.5221    0.5633    0.5419     81256
           5     0.1741    0.4554    0.2518     22584
           6     0.2638    0.2794    0.2714     28252
           7     0.3609    0.4571    0.4033     22595
           8     0.2810    0.8113    0.4174      5676

    accuracy                         0.5984    612116
   macro avg     0.4486    0.5218    0.4550    612116
weighted avg     0.6201    0.5984    0.5945    612116
--- MÉTRICAS CONSENSUS (Train) ---
macro_f1 = 0.4550
balanced_acc = 0.5218
pred_counts = [198056  94222  63823  34330  87665  59084  29924  28624  16388]

=========================================
 SPLIT: VAL
=========================================
              precision    recall  f1-score   support

           0     0.8347    0.7290    0.7783     42123
           1     0.0838    0.0869    0.0853     30053
           2     0.1642    0.1307    0.1456     36702
           3     0.0696    0.0589    0.0638     17063
           4     0.3267    0.3766    0.3499     22897
           5     0.1556    0.2991    0.2047      5731
           6     0.0000    0.0000    0.0000         0
           7     0.4565    0.3758    0.4122      5732
           8     0.0000    0.0000    0.0000         0

    accuracy                         0.3220    160301
   macro avg     0.2324    0.2286    0.2267    160301
weighted avg     0.3486    0.3220    0.3327    160301
--- MÉTRICAS CONSENSUS (Val) ---
macro_f1 = 0.2267
balanced_acc = 0.2939
pred_counts = [36791 31162 29224 14443 26395 11012  6232  4718   324]

=========================================
 SPLIT: TEST
=========================================
              precision    recall  f1-score   support

           0     0.0000    0.0000    0.0000     58390
           1     0.0345    0.0000    0.0001     26794
           2     0.0580    0.0018    0.0035     25292
           3     0.1968    0.0039    0.0077     24726
           4     0.1000    0.9927    0.1816     23432
           5     0.0000    0.0000    0.0000     24107
           6     0.0000    0.0000    0.0000     23285
           7     0.2800    0.0003    0.0006     23287
           8     0.0000    0.0000    0.0000      4724

    accuracy                         0.1000    234037
   macro avg     0.0744    0.1110    0.0215    234037
weighted avg     0.0689    0.1000    0.0194    234037
--- MÉTRICAS CONSENSUS (Test) ---
macro_f1 = 0.0215
balanced_acc = 0.1110
pred_counts = [     0     29    776    493 232714      0      0     25      0]

