=== REPORTE DETALLADO DE DIAGNÓSTICO (TRAIN / VAL / TEST) ===

=========================================
 SPLIT: TRAIN
=========================================
              precision    recall  f1-score   support

           0     0.9722    0.9864    0.9792    638000
           1     0.7033    0.6054    0.6507    288618
           2     0.4156    0.4220    0.4187    296528
           3     0.3258    0.4717    0.3854    284163
           4     0.3338    0.2568    0.2903    280118
           5     0.2328    0.2156    0.2239     66655
           6     0.2699    0.2837    0.2766     65501
           7     0.4064    0.2740    0.3273     65189
           8     0.2900    0.0275    0.0502     14968

    accuracy                         0.5933   1999740
   macro avg     0.4389    0.3937    0.4003   1999740
weighted avg     0.5984    0.5933    0.5914   1999740
--- MÉTRICAS CONSENSUS (Train) ---
macro_f1 = 0.4003
balanced_acc = 0.3937
pred_counts = [647275 248424 301089 411441 215555  61744  68846  43949   1417]

=========================================
 SPLIT: VAL
=========================================
              precision    recall  f1-score   support

           0     0.9476    0.7334    0.8269    171032
           1     0.3590    0.4350    0.3933     79992
           2     0.2914    0.4066    0.3395     69364
           3     0.3796    0.5028    0.4326     80091
           4     0.3038    0.2344    0.2646     61607
           5     0.2261    0.1631    0.1895     19102
           6     0.2510    0.2027    0.2243     17756
           7     0.4103    0.2163    0.2832     16456
           8     0.0000    0.0000    0.0000      1439

    accuracy                         0.4903    516839
   macro avg     0.3521    0.3216    0.3282    516839
weighted avg     0.5333    0.4903    0.5024    516839
--- MÉTRICAS CONSENSUS (Val) ---
macro_f1 = 0.3282
balanced_acc = 0.3216
pred_counts = [132381  96940  96786 106080  47527  13779  14337   8674    335]

=========================================
 SPLIT: TEST
=========================================
              precision    recall  f1-score   support

           0     0.0000    0.0000    0.0000    194778
           1     0.0800    0.0000    0.0001     93921
           2     0.0942    0.0170    0.0288     89235
           3     0.1048    0.5847    0.1777     87704
           4     0.1146    0.3942    0.1776     84037
           5     0.1764    0.0401    0.0654     85535
           6     0.2060    0.0148    0.0277     84314
           7     0.3770    0.0036    0.0070     85842
           8     0.0000    0.0000    0.0000     15516

    accuracy                         0.1107    820882
   macro avg     0.1281    0.1172    0.0538    820882
weighted avg     0.1213    0.1107    0.0507    820882
--- MÉTRICAS CONSENSUS (Test) ---
macro_f1 = 0.0538
balanced_acc = 0.1172
pred_counts = [    13     50  16091 489326 289062  19456   6074    809      1]

