=== REPORTE DETALLADO DE DIAGNÓSTICO (TRAIN / VAL / TEST) ===

=========================================
 SPLIT: TRAIN
=========================================
              precision    recall  f1-score   support

           0     0.9581    0.9875    0.9726    638000
           1     0.7241    0.5226    0.6071    288618
           2     0.4305    0.4100    0.4200    296528
           3     0.3279    0.4537    0.3807    284163
           4     0.3753    0.3638    0.3694    280118
           5     0.2211    0.2290    0.2250     66655
           6     0.2681    0.3027    0.2844     65501
           7     0.4070    0.2628    0.3194     65189
           8     0.2028    0.0229    0.0412     14968

    accuracy                         0.5930   1999740
   macro avg     0.4350    0.3950    0.4022   1999740
weighted avg     0.6041    0.5930    0.5936   1999740
--- MÉTRICAS CONSENSUS (Train) ---
macro_f1 = 0.4022
balanced_acc = 0.3950
pred_counts = [657569 208291 282435 393183 271521  69029  73930  42091   1691]

=========================================
 SPLIT: VAL
=========================================
              precision    recall  f1-score   support

           0     0.9495    0.7874    0.8609    171032
           1     0.4250    0.4514    0.4378     79992
           2     0.3087    0.3788    0.3402     69364
           3     0.3980    0.5157    0.4492     80091
           4     0.3259    0.3095    0.3175     61607
           5     0.2586    0.2076    0.2303     19102
           6     0.2599    0.2440    0.2517     17756
           7     0.3731    0.2306    0.2850     16456
           8     0.0000    0.0000    0.0000      1439

    accuracy                         0.5215    516839
   macro avg     0.3665    0.3472    0.3525    516839
weighted avg     0.5523    0.5215    0.5320    516839
--- MÉTRICAS CONSENSUS (Val) ---
macro_f1 = 0.3525
balanced_acc = 0.3472
pred_counts = [141832  84957  85104 103767  58495  15333  16672  10172    507]

=========================================
 SPLIT: TEST
=========================================
              precision    recall  f1-score   support

           0     0.0000    0.0000    0.0000    194778
           1     0.1875    0.0000    0.0001     93921
           2     0.1239    0.0193    0.0334     89235
           3     0.0889    0.2468    0.1307     87704
           4     0.1110    0.5682    0.1857     84037
           5     0.1226    0.1452    0.1330     85535
           6     0.1634    0.0567    0.0842     84314
           7     0.2749    0.0084    0.0162     85842
           8     0.0000    0.0000    0.0000     15516

    accuracy                         0.1085    820882
   macro avg     0.1191    0.1161    0.0648    820882
weighted avg     0.1141    0.1085    0.0608    820882
--- MÉTRICAS CONSENSUS (Test) ---
macro_f1 = 0.0648
balanced_acc = 0.1161
pred_counts = [     2     16  13927 243453 430283 101325  29253   2612     11]

