=== REPORTE DETALLADO DE DIAGNÓSTICO (TRAIN / VAL / TEST) ===

=========================================
 SPLIT: TRAIN
=========================================
              precision    recall  f1-score   support

           0     0.9577    0.9812    0.9693    638000
           1     0.7006    0.5038    0.5861    288618
           2     0.4182    0.3920    0.4047    296528
           3     0.3193    0.4768    0.3825    284163
           4     0.3526    0.3341    0.3431    280118
           5     0.2191    0.2042    0.2114     66655
           6     0.2749    0.2901    0.2823     65501
           7     0.3976    0.2362    0.2963     65189
           8     0.2861    0.0142    0.0270     14968

    accuracy                         0.5826   1999740
   macro avg     0.4362    0.3814    0.3892   1999740
weighted avg     0.5948    0.5826    0.5824   1999740
--- MÉTRICAS CONSENSUS (Train) ---
macro_f1 = 0.3892
balanced_acc = 0.3814
pred_counts = [653703 207549 277991 424332 265439  62133  69134  38718    741]

=========================================
 SPLIT: VAL
=========================================
              precision    recall  f1-score   support

           0     0.9288    0.8367    0.8804    171032
           1     0.4173    0.3664    0.3902     79992
           2     0.2856    0.3522    0.3154     69364
           3     0.3745    0.5101    0.4319     80091
           4     0.3052    0.3009    0.3031     61607
           5     0.2322    0.1756    0.2000     19102
           6     0.2478    0.2060    0.2250     17756
           7     0.4120    0.1943    0.2641     16456
           8     0.0062    0.0007    0.0012      1439

    accuracy                         0.5155    516839
   macro avg     0.3566    0.3270    0.3346    516839
weighted avg     0.5349    0.5155    0.5206    516839
--- MÉTRICAS CONSENSUS (Val) ---
macro_f1 = 0.3346
balanced_acc = 0.3270
pred_counts = [154065  70251  85558 109100  60729  14449  14763   7762    162]

=========================================
 SPLIT: TEST
=========================================
              precision    recall  f1-score   support

           0     0.0000    0.0000    0.0000    194778
           1     0.1961    0.0001    0.0002     93921
           2     0.0498    0.0338    0.0403     89235
           3     0.1143    0.4123    0.1789     87704
           4     0.1117    0.5420    0.1852     84037
           5     0.1787    0.0537    0.0826     85535
           6     0.2056    0.0217    0.0393     84314
           7     0.2853    0.0045    0.0088     85842
           8     0.0000    0.0000    0.0000     15516

    accuracy                         0.1115    820882
   macro avg     0.1268    0.1187    0.0595    820882
weighted avg     0.1211    0.1115    0.0560    820882
--- MÉTRICAS CONSENSUS (Test) ---
macro_f1 = 0.0595
balanced_acc = 0.1187
pred_counts = [     1     51  60604 316437 407822  25715   8906   1339      7]

