=== REPORTE DETALLADO DE DIAGNÓSTICO (TRAIN / VAL / TEST) ===

=========================================
 SPLIT: TRAIN
=========================================
              precision    recall  f1-score   support

           0     0.9748    0.9905    0.9826    638000
           1     0.7363    0.6221    0.6744    288618
           2     0.4391    0.4651    0.4518    296528
           3     0.3444    0.4604    0.3940    284163
           4     0.3782    0.3352    0.3554    280118
           5     0.2356    0.2214    0.2283     66655
           6     0.2864    0.2841    0.2853     65501
           7     0.4282    0.2405    0.3080     65189
           8     0.2904    0.0223    0.0414     14968

    accuracy                         0.6119   1999740
   macro avg     0.4571    0.4046    0.4135   1999740
weighted avg     0.6177    0.6119    0.6109   1999740
--- MÉTRICAS CONSENSUS (Train) ---
macro_f1 = 0.4135
balanced_acc = 0.4046
pred_counts = [648290 243854 314088 379893 248248  62635  64970  36612   1150]

=========================================
 SPLIT: VAL
=========================================
              precision    recall  f1-score   support

           0     0.9639    0.7623    0.8513    171032
           1     0.4260    0.5168    0.4670     79992
           2     0.3172    0.4428    0.3696     69364
           3     0.3947    0.4841    0.4349     80091
           4     0.3436    0.2991    0.3198     61607
           5     0.2358    0.1764    0.2018     19102
           6     0.2508    0.1979    0.2212     17756
           7     0.4019    0.1771    0.2459     16456
           8     0.0276    0.0056    0.0093      1439

    accuracy                         0.5213    516839
   macro avg     0.3735    0.3402    0.3468    516839
weighted avg     0.5598    0.5213    0.5320    516839
--- MÉTRICAS CONSENSUS (Val) ---
macro_f1 = 0.3468
balanced_acc = 0.3402
pred_counts = [135274  97047  96835  98218  53628  14285  14009   7253    290]

=========================================
 SPLIT: TEST
=========================================
              precision    recall  f1-score   support

           0     0.0000    0.0000    0.0000    194778
           1     0.0000    0.0000    0.0000     93921
           2     0.1057    0.0654    0.0808     89235
           3     0.1035    0.2434    0.1452     87704
           4     0.1127    0.5932    0.1894     84037
           5     0.1233    0.1170    0.1201     85535
           6     0.1164    0.0455    0.0654     84314
           7     0.2343    0.0079    0.0152     85842
           8     0.0000    0.0000    0.0000     15516

    accuracy                         0.1115    820882
   macro avg     0.0884    0.1191    0.0685    820882
weighted avg     0.0834    0.1115    0.0645    820882
--- MÉTRICAS CONSENSUS (Test) ---
macro_f1 = 0.0685
balanced_acc = 0.1191
pred_counts = [     0     11  55246 206235 442399  81137  32956   2877     21]

