=== REPORTE DETALLADO DE DIAGNÓSTICO (TRAIN / VAL / TEST) ===

=========================================
 SPLIT: TRAIN
=========================================
              precision    recall  f1-score   support

           0     0.9802    0.9876    0.9839    638000
           1     0.7542    0.6601    0.7040    288618
           2     0.4732    0.4860    0.4795    296528
           3     0.3655    0.5075    0.4250    284163
           4     0.4261    0.3473    0.3827    280118
           5     0.2569    0.2261    0.2405     66655
           6     0.2920    0.3057    0.2987     65501
           7     0.4530    0.3342    0.3847     65189
           8     0.4969    0.0540    0.0974     14968

    accuracy                         0.6320   1999740
   macro avg     0.4998    0.4343    0.4440   1999740
weighted avg     0.6400    0.6320    0.6317   1999740
--- MÉTRICAS CONSENSUS (Train) ---
macro_f1 = 0.4440
balanced_acc = 0.4343
pred_counts = [642835 252611 304513 394486 228336  58654  68578  48101   1626]

=========================================
 SPLIT: VAL
=========================================
              precision    recall  f1-score   support

           0     0.9345    0.7274    0.8180    171032
           1     0.3745    0.4514    0.4094     79992
           2     0.3181    0.4149    0.3601     69364
           3     0.4009    0.5473    0.4628     80091
           4     0.3447    0.2664    0.3005     61607
           5     0.2572    0.1929    0.2204     19102
           6     0.2780    0.2541    0.2655     17756
           7     0.4392    0.2447    0.3143     16456
           8     0.0058    0.0007    0.0012      1439

    accuracy                         0.5065    516839
   macro avg     0.3725    0.3444    0.3502    516839
weighted avg     0.5462    0.5065    0.5172    516839
--- MÉTRICAS CONSENSUS (Val) ---
macro_f1 = 0.3502
balanced_acc = 0.3444
pred_counts = [133129  96417  90468 109327  47609  14323  16229   9166    171]

=========================================
 SPLIT: TEST
=========================================
              precision    recall  f1-score   support

           0     0.0000    0.0000    0.0000    194778
           1     0.0000    0.0000    0.0000     93921
           2     0.0762    0.0003    0.0006     89235
           3     0.1159    0.1444    0.1286     87704
           4     0.0989    0.8021    0.1761     84037
           5     0.1546    0.0432    0.0675     85535
           6     0.1694    0.0109    0.0205     84314
           7     0.2636    0.0014    0.0028     85842
           8     0.0000    0.0000    0.0000     15516

    accuracy                         0.1033    820882
   macro avg     0.0976    0.1114    0.0440    820882
weighted avg     0.0919    0.1033    0.0413    820882
--- MÉTRICAS CONSENSUS (Test) ---
macro_f1 = 0.0440
balanced_acc = 0.1114
pred_counts = [     0      1    341 109263 681506  23893   5419    459      0]

