=== REPORTE DETALLADO DE DIAGNÓSTICO (TRAIN / VAL / TEST) ===

=========================================
 SPLIT: TRAIN
=========================================
              precision    recall  f1-score   support

           0     0.9684    0.9718    0.9701    638000
           1     0.6914    0.5477    0.6112    288618
           2     0.4181    0.4004    0.4091    296528
           3     0.3203    0.5063    0.3923    284163
           4     0.3213    0.2478    0.2798    280118
           5     0.2317    0.2175    0.2244     66655
           6     0.2696    0.2919    0.2803     65501
           7     0.4020    0.2883    0.3358     65189
           8     0.2914    0.0291    0.0530     14968

    accuracy                         0.5815   1999740
   macro avg     0.4349    0.3890    0.3951   1999740
weighted avg     0.5931    0.5815    0.5813   1999740
--- MÉTRICAS CONSENSUS (Train) ---
macro_f1 = 0.3951
balanced_acc = 0.3890
pred_counts = [640215 228612 283943 449203 216022  62573  70928  46748   1496]

=========================================
 SPLIT: VAL
=========================================
              precision    recall  f1-score   support

           0     0.9425    0.7681    0.8464    171032
           1     0.3705    0.3959    0.3828     79992
           2     0.2993    0.3894    0.3385     69364
           3     0.3892    0.5635    0.4604     80091
           4     0.2979    0.2313    0.2604     61607
           5     0.2277    0.1622    0.1895     19102
           6     0.2496    0.2049    0.2251     17756
           7     0.4195    0.2397    0.3051     16456
           8     0.0032    0.0007    0.0011      1439

    accuracy                         0.5033    516839
   macro avg     0.3555    0.3284    0.3344    516839
weighted avg     0.5356    0.5033    0.5116    516839
--- MÉTRICAS CONSENSUS (Val) ---
macro_f1 = 0.3344
balanced_acc = 0.3284
pred_counts = [139384  85490  90254 115969  47834  13609  14582   9405    312]

=========================================
 SPLIT: TEST
=========================================
              precision    recall  f1-score   support

           0     0.0000    0.0000    0.0000    194778
           1     0.1231    0.0001    0.0002     93921
           2     0.1280    0.0208    0.0358     89235
           3     0.1003    0.6175    0.1725     87704
           4     0.1262    0.3673    0.1879     84037
           5     0.1748    0.0299    0.0511     85535
           6     0.1827    0.0123    0.0230     84314
           7     0.2794    0.0037    0.0073     85842
           8     0.0000    0.0000    0.0000     15516

    accuracy                         0.1106    820882
   macro avg     0.1238    0.1169    0.0531    820882
weighted avg     0.1178    0.1106    0.0500    820882
--- MÉTRICAS CONSENSUS (Test) ---
macro_f1 = 0.0531
balanced_acc = 0.1169
pred_counts = [     4     65  14515 540246 244594  14633   5677   1138     10]

