=== REPORTE DETALLADO DE DIAGNÓSTICO (TRAIN / VAL / TEST) ===

=========================================
 SPLIT: TRAIN
=========================================
              precision    recall  f1-score   support

           0     0.9872    0.9890    0.9881    638000
           1     0.7748    0.6590    0.7122    288618
           2     0.4792    0.4647    0.4718    296528
           3     0.3638    0.4920    0.4183    284163
           4     0.4293    0.4037    0.4161    280118
           5     0.2527    0.2460    0.2493     66655
           6     0.2857    0.3007    0.2930     65501
           7     0.4467    0.3005    0.3593     65189
           8     0.4338    0.0602    0.1057     14968

    accuracy                         0.6343   1999740
   macro avg     0.4948    0.4351    0.4460   1999740
weighted avg     0.6453    0.6343    0.6361   1999740
--- MÉTRICAS CONSENSUS (Train) ---
macro_f1 = 0.4460
balanced_acc = 0.4351
pred_counts = [639131 245503 287581 384364 263419  64881  68933  43851   2077]

=========================================
 SPLIT: VAL
=========================================
              precision    recall  f1-score   support

           0     0.9622    0.7258    0.8274    171032
           1     0.3687    0.4421    0.4021     79992
           2     0.3114    0.4241    0.3591     69364
           3     0.3968    0.5138    0.4478     80091
           4     0.3431    0.2844    0.3110     61607
           5     0.2621    0.2093    0.2328     19102
           6     0.2860    0.2681    0.2767     17756
           7     0.3838    0.2430    0.2976     16456
           8     0.0112    0.0028    0.0045      1439

    accuracy                         0.5037    516839
   macro avg     0.3695    0.3459    0.3510    516839
weighted avg     0.5514    0.5037    0.5183    516839
--- MÉTRICAS CONSENSUS (Val) ---
macro_f1 = 0.3510
balanced_acc = 0.3459
pred_counts = [129011  95913  94458 103700  51077  15257  16646  10420    357]

=========================================
 SPLIT: TEST
=========================================
              precision    recall  f1-score   support

           0     0.0000    0.0000    0.0000    194778
           1     0.1722    0.0003    0.0007     93921
           2     0.0616    0.0529    0.0569     89235
           3     0.1153    0.3498    0.1735     87704
           4     0.1129    0.6210    0.1911     84037
           5     0.1115    0.0178    0.0307     85535
           6     0.1786    0.0046    0.0091     84314
           7     0.2819    0.0005    0.0010     85842
           8     0.0000    0.0000    0.0000     15516

    accuracy                         0.1091    820882
   macro avg     0.1149    0.1163    0.0514    820882
weighted avg     0.1097    0.1091    0.0486    820882
--- MÉTRICAS CONSENSUS (Test) ---
macro_f1 = 0.0514
balanced_acc = 0.1163
pred_counts = [     0    180  76641 265974 462090  13652   2195    149      1]

