=== REPORTE DETALLADO DE DIAGNÓSTICO (TRAIN / VAL / TEST) ===

=========================================
 SPLIT: TRAIN
=========================================
              precision    recall  f1-score   support

           0     0.9702    0.9770    0.9736    200144
           1     0.6390    0.7947    0.7084     84433
           2     0.5209    0.3223    0.3982     75478
           3     0.5206    0.3077    0.3868     91698
           4     0.5782    0.5787    0.5785     81256
           5     0.1780    0.4524    0.2555     22584
           6     0.2957    0.3433    0.3177     28252
           7     0.4176    0.3343    0.3713     22595
           8     0.3178    0.8444    0.4618      5676

    accuracy                         0.6444    612116
   macro avg     0.4931    0.5505    0.4946    612116
weighted avg     0.6629    0.6444    0.6420    612116
--- MÉTRICAS CONSENSUS (Train) ---
macro_f1 = 0.4946
balanced_acc = 0.5505
pred_counts = [201549 105005  46692  54188  81320  57389  32804  18087  15082]

=========================================
 SPLIT: VAL
=========================================
              precision    recall  f1-score   support

           0     0.8270    0.6167    0.7065     42123
           1     0.2510    0.3126    0.2784     30053
           2     0.1896    0.1177    0.1452     36702
           3     0.1287    0.1941    0.1548     17063
           4     0.3454    0.3547    0.3500     22897
           5     0.2049    0.3324    0.2535      5731
           6     0.0000    0.0000    0.0000         0
           7     0.4918    0.2709    0.3494      5732
           8     0.0000    0.0000    0.0000         0

    accuracy                         0.3405    160301
   macro avg     0.2709    0.2444    0.2487    160301
weighted avg     0.3957    0.3405    0.3591    160301
--- MÉTRICAS CONSENSUS (Val) ---
macro_f1 = 0.2487
balanced_acc = 0.3142
pred_counts = [31415 37430 22773 25731 23512  9299  6834  3158   149]

=========================================
 SPLIT: TEST
=========================================
              precision    recall  f1-score   support

           0     0.0000    0.0000    0.0000     58390
           1     0.0000    0.0000    0.0000     26794
           2     0.0000    0.0000    0.0000     25292
           3     0.0813    0.0078    0.0142     24726
           4     0.0995    0.9836    0.1808     23432
           5     0.0000    0.0000    0.0000     24107
           6     0.5000    0.0000    0.0001     23285
           7     0.1964    0.0009    0.0019     23287
           8     0.0000    0.0000    0.0000      4724

    accuracy                         0.0994    234037
   macro avg     0.0975    0.1103    0.0219    234037
weighted avg     0.0878    0.0994    0.0198    234037
--- MÉTRICAS CONSENSUS (Test) ---
macro_f1 = 0.0219
balanced_acc = 0.1103
pred_counts = [     0      0      5   2374 231536      1      2    112      7]

