=== REPORTE DETALLADO DE DIAGNÓSTICO (TRAIN / VAL / TEST) ===

=========================================
 SPLIT: TRAIN
=========================================
              precision    recall  f1-score   support

           0     0.9660    0.9833    0.9746    638000
           1     0.7071    0.5350    0.6091    288618
           2     0.4125    0.4091    0.4108    296528
           3     0.3171    0.4984    0.3876    284163
           4     0.3037    0.2426    0.2697    280118
           5     0.2285    0.2179    0.2231     66655
           6     0.2645    0.2618    0.2631     65501
           7     0.4061    0.2359    0.2984     65189
           8     0.2827    0.0230    0.0425     14968

    accuracy                         0.5801   1999740
   macro avg     0.4320    0.3786    0.3866   1999740
weighted avg     0.5907    0.5801    0.5787   1999740
--- MÉTRICAS CONSENSUS (Train) ---
macro_f1 = 0.3866
balanced_acc = 0.3786
pred_counts = [649418 218400 294055 446628 223744  63587  64831  37860   1217]

=========================================
 SPLIT: VAL
=========================================
              precision    recall  f1-score   support

           0     0.9411    0.7271    0.8204    171032
           1     0.3460    0.4009    0.3714     79992
           2     0.2906    0.3854    0.3313     69364
           3     0.3722    0.5348    0.4389     80091
           4     0.2903    0.2399    0.2627     61607
           5     0.2168    0.1540    0.1801     19102
           6     0.2552    0.1879    0.2164     17756
           7     0.4266    0.1849    0.2580     16456
           8     0.0084    0.0014    0.0024      1439

    accuracy                         0.4839    516839
   macro avg     0.3497    0.3129    0.3202    516839
weighted avg     0.5266    0.4839    0.4951    516839
--- MÉTRICAS CONSENSUS (Val) ---
macro_f1 = 0.3202
balanced_acc = 0.3129
pred_counts = [132146  92698  91985 115071  50926  13568  13074   7133    238]

=========================================
 SPLIT: TEST
=========================================
              precision    recall  f1-score   support

           0     0.0000    0.0000    0.0000    194778
           1     0.0435    0.0005    0.0010     93921
           2     0.0800    0.0195    0.0314     89235
           3     0.0990    0.6291    0.1711     87704
           4     0.1353    0.3407    0.1937     84037
           5     0.1724    0.0391    0.0638     85535
           6     0.1978    0.0192    0.0351     84314
           7     0.2819    0.0055    0.0108     85842
           8     0.0417    0.0001    0.0001     15516

    accuracy                         0.1109    820882
   macro avg     0.1168    0.1171    0.0563    820882
weighted avg     0.1066    0.1109    0.0530    820882
--- MÉTRICAS CONSENSUS (Test) ---
macro_f1 = 0.0563
balanced_acc = 0.1171
pred_counts = [     1   1058  21768 557152 211590  19410   8201   1678     24]

